GeneID
64344
56995
163051
7562
345462
729747
90592
286075
10589
10265
50805
79190
79192
79191
153572
94234
1660
7596
51710
7594
2928
6667
6668
6670
389058
121340
163223
171392
641339
79894
79891
4149
4150
168417
339500
4094
1487
1488
2976
10260
26036
7812
285676
60468
80333
30818
30819
389421
79727
79797
6935
9839
10213
343930
4856
2303
2296
342900
4093
55809
4091
4092
4087
4088
2305
91748
8538
56033
10215
116448
6018
30827
221833
100131390
3149
127540
84922
284323
163131
4799
7343
5462
2395
401
8929
55145
22938
51078
168451
152815
80764
79725
2130
4298
23481
51804
147912
4990
6495
10736
6496
100293516
339559
9480
5971
5970
3068
643836
80712
6474
63947
63946
731220
5992
5993
222546
64864
284391
5989
5990
5991
2002
2005
1628
440695
93986
50943
27086
23394
116113
90827
9640
51042
169270
84622
152687
148103
3110
4613
162966
4610
80095
84775
10923
23125
7716
23261
6925
6932
6929
196528
284309
3484
7643
4208
100271849
4205
1390
4209
51351
10232
7771
254251
26152
55713
63925
84449
55422
7644
2122
2107
23040
27023
442425
197407
668
2300
7582
7581
7275
6924
6923
6921
4802
4801
4800
4603
6594
6595
6597
222894
7553
7549
7551
140690
100529215
6822
988
6498
5089
5090
5087
169834
326
2909
54925
64288
100101467
7544
7543
390980
10210
1786
7067
6875
3235
8805
9586
3231
10346
54729
6564
23589
11143
7638
11262
7673
3091
63948
7766
139735
285346
146198
80829
201516
284312
54993
1959
1960
10891
1961
58160
51444
22835
1017
128553
57616
10194
5079
5078
5081
5080
5075
201514
5076
51385
6936
57623
5083
7849
81856
162963
79898
284370
80110
90317
285267
114991
10847
91392
4222
4223
3209
3207
3206
11036
51427
94039
163227
25799
6722
79673
6736
9111
2309
2308
100132074
4303
340260
91074
5324
6598
101060200
7593
730087
388523
23036
22827
1389
389692
23764
3516
146050
221785
7741
7579
7589
342945
222696
1649
55922
114803
10153
7014
8856
7013
6944
51592
3222
3221
3223
55651
57215
9970
1107
26038
55636
84181
4335
390010
642658
7041
55552
55565
152485
374899
63976
63978
63977
59335
59336
56980
3174
3172
2971
116071
94104
9612
9611
89887
23361
57547
90589
199777
199692
253639
285268
7008
9831
442319
4790
4791
55870
678
22877
85460
9849
5629
283571
118738
147657
7711
122953
220992
90649
9063
10401
8554
51588
7690
3096
59269
57693
57567
3727
4851
728361
3196
5017
80032
79230
148254
79818
162972
90233
4487
4488
25942
168374
6473
2966
2965
81931
121643
645832
199704
8456
29803
440097
120237
7652
6895
22809
11016
22926
466
467
1386
6601
6599
402381
55536
3975
9355
8022
64211
26468
431707
56956
92285
51151
10009
2962
2963
86614
65982
159119
84891
9753
4904
8531
84107
85416
30813
9971
2969
7376
10062
3218
3219
112770
3212
3213
3211
3217
3214
5468
23316
171017
51147
163087
3621
84911
256297
25803
64215
27000
9774
128611
90485
162962
10499
8202
8648
390259
7025
7026
220202
1643
1642
84913
55769
4204
7634
7639
7637
6760
25888
51193
4004
4005
55885
2018
2016
55193
29965
4617
162968
84838
2077
2078
284443
9421
9464
7678
8328
7675
8609
1316
688
9314
64412
10365
10661
687
11279
57343
55900
5978
91975
5449
163050
27300
284306
339327
4691
163255
256051
147694
83482
79364
85508
2299
344167
399823
5914
5915
5916
4661
7490
8848
1831
9819
9031
6591
5326
284459
5325
4772
4773
4775
4776
135935
8880
84654
163
2960
7289
7287
653121
728116
100130086
2019
2020
100506164
7342
9569
84163
2034
7587
1387
91464
55758
283248
23186
83990
6502
148206
3428
3182
144455
2023
90326
388558
646
79800
9208
79618
3204
983
3201
3200
3199
3198
1022
93649
473
127343
8320
4795
152518
5580
57593
253738
64641
1879
6945
7712
7710
4901
388536
126375
390927
148198
90576
30009
57057
10522
6885
148268
51276
126231
284346
79177
84765
147660
163033
9869
83852
7755
7753
54897
7752
2128
7757
344191
8928
4831
4807
5396
51450
391723
158399
80709
100288687
1616
27125
3899
2334
4299
57594
170959
85474
10660
6421
51230
63876
7692
7157
7694
3097
6596
503835
5316
284355
56242
84914
9534
57167
6299
113835
27164
6297
26205
10691
93349
55734
84944
10363
83637
57178
7746
3720
7270
5937
121536
126017
9821
283078
51621
8462
7071
128209
83855
28999
136259
7020
7022
7021
339488
83741
5455
5454
5453
51341
201501
5456
5460
134187
389549
55079
6117
84215
6119
6118
23126
3609
6672
84337
3670
64843
6239
7700
7699
7702
7701
7705
7707
100289678
158431
126208
285989
7110
149076
195828
5378
148266
374900
163081
84924
147929
84527
6045
54811
93134
147741
7762
7761
7764
7421
10520
3607
221937
4306
4793
51222
2908
84807
4794
64332
57634
162993
5926
51742
2967
2494
1748
1750
1745
1746
22797
7942
4009
4010
7409
3238
3239
3237
27324
84969
132660
11023
8626
79923
2649
126295
8061
1112
3087
4066
5933
5934
56977
2553
79943
23493
23462
4520
6777
6776
579
4824
360030
100129842
349334
653427
653404
7101
10002
4798
2672
4601
100289635
9923
360023
100128927
29068
84878
140685
92999
166793
729288
90338
388553
6829
6901
3431
10138
3606
146542
91120
257101
340252
148213
57592
127396
7727
7730
196
197320
23300
27153
342132
285971
400720
374928
10664
51333
10168
7748
10172
25988
11176
29994
26009
170825
6871
93624
219409
162655
4763
84450
130557
22869
9658
340385
84874
22887
7767
7769
7770
7772
3227
3229
3228
664
11168
79088
155054
23090
140467
353088
5966
79149
342933
6688
10732
6689
51176
84159
10865
7161
862
389524
6493
6492
7291
6928
6927
5241
730051
1877
163071
11166
1876
1875
1874
1871
1870
1869
54796
10848
286128
865
2304
503834
9079
8861
374879
10655
58524
51058
55657
57116
57585
90874
139324
169841
8607
103
51043
7718
79724
91661
92595
90321
388561
284390
7738
339318
7733
7569
7743
10189
219749
7572
7574
7568
7571
7570
7576
23269
6908
115560
26048
7468
22847
440515
8187
7776
9310
10780
10915
7775
2301
7555
11169
7392
347853
205717
7391
84671
9668
9096
9095
90594
220929
80264
163059
6304
29128
7697
405
63950
100131827
7978
2145
2146
2957
26959
7534
8092
5925
60529
2113
7531
79842
54345
22890
9925
57659
4929
8013
644168
23440
5452
4314
5451
2186
56987
904
905
58487
11063
7546
672
65125
57491
7182
7181
23598
83439
6934
860
864
861
9278
26137
49854
7597
7626
7520
7518
2547
3725
4212
4211
3728
57708
54531
166968
142
2100
1523
5467
7528
353355
404281
6909
6926
80778
6899
6911
9496
6910
147658
9745
348327
55205
22882
23051
11244
3791
57209
6886
50804
2306
27022
2297
144348
6650
342908
55628
54815
22993
10042
5308
5309
4605
266743
64067
4862
4861
8467
90316
639
130497
116039
7158
7159
342892
1820
138715
10620
56978
56979
5813
1388
604
602
1044
26257
503582
4821
159296
7080
137814
644524
1482
2314
4609
4602
2313
3508
6621
126068
10725
79973
2177
57621
57677
7913
9705
7586
54937
253461
63973
27033
403341
84614
91133
3164
51548
23054
387332
9519
84525
147837
10793
65988
155061
283337
388567
5204
100125288
84458
4331
25925
7227
84503
57711
84436
90987
58500
2290
53335
84528
158800
64919
7294
29841
79977
57822
8548
27319
128408
79744
147686
147687
55786
84330
347344
57862
84839
8625
7019
51085
6256
5457
5458
5459
55892
25833
64764
84699
90993
148327
344022
10413
79175
100129543
26298
6602
2627
400713
2626
140628
2625
2623
9516
6939
6938
6941
57232
9324
406
6664
9580
64321
55929
140612
57335
647589
9915
55762
5660
11107
93166
6580
7799
10514
3280
54626
390992
57801
388585
55502
84667
6884
6882
6881
65243
3090
23119
4261
2115
6258
2117
6257
2118
654254
9014
9015
728927
6872
730291
25792
57615
126069
1499
7561
7566
7567
4286
3234
7564
7565
7559
5626
127665
65251
84146
121274
4796
1385
57541
8930
90333
4152
53615
8932
58499
346157
92283
252884
84307
23414
161882
57455
9603
4780
4779
9422
2294
2295
100131980
51274
728957
10795
100132396
30062
11317
9726
284371
57492
8289
54816
140883
8089
2521
25
6605
284307
2637
2636
8028
91664
3661
3659
3665
3664
3663
8216
3394
3651
10014
9759
390874
463
85446
9943
55897
145873
10608
83463
84733
4084
27107
65986
7709
7704
10472
56676
429
121549
647219
5371
2033
55226
5134
7539
26574
54753
4899
1161
2068
2071
2074
30812
6662
6658
6656
55553
83595
6659
6660
170960
1051
1050
1052
100287226
6497
637
367
23512
22850
7620
3195
26149
79027
55279
7050
22834
3298
124535
3299
56917
9572
83881
253782
79603
91012
6940
204219
30832
117608
8553
79365
6097
6096
6095
11281
5463
57573
388566
745
9988
3170
11179
92822
10838
10782
158586
1406
7789
23373
64784
9794
4841
84684
147949
3642
51270
7029
7027
23152
5077
54807
283847
56938
6778
6774
6773
6772
219736
9189
79413
84327
9889
100381270
9044
4761
58158
91612
100526761
440077
2551
5178
10771
7005
8463
7003
7004
2001
132625
86
9757
2104
2101
2103
29842
255403
170302
441234
63951
374655
7552
344787
349075
56731
7024
10128
7633
7621
7629
7625
162239
79759
79862
55814
389114
10733
79788
63934
83744
6862
85441
84504
157848
4825
55311
353274
55663
126070
343472
56751
10224
26013
80317
342357
23660
55888
8284
5927
10765
8242
10538
90075
84662
169792
148979
55802
5015
57336
342909
26974
8427
284349
23528
6879
6878
6877
2116
6873
51513
200350
2354
286380
54856
64376
64375
10320
22806
22807
727940
3190
100129654
6942
6943
8091
54738
9479
3400
3399
3397
6721
6720
58525
10474
100507290
3166
340784
1997
1999
1998
7494
727857
344018
2736
2737
7862
2735
2738
9112
9219
57504
1602
117154
4782
4781
4774
346171
255877
4784
89884
3232
7975
2353
3203
1749
23314
4760
4654
3224
3216
9247
9935
117581
7088
10362
2648
190
7288
7768
8431
58491
147923
3398
139628
2624
1810
7703
4089
221527
4086
1045
7584
7556
1054
5465
50674
63974
4618
80320
474
11171
4792
5013
468
3660
114026
6665
6880
147948
10781
7068
571
6619
7554
55810
5977
79692
7936
2114
2958
162979
2004
2355
677
339324
64763
23619
286826
116412
168544
7988
115509
902
430
90655
55659
168620
145258
26508
51545
84905
6775
4783
7030
4853
257
1046
285349
3297
23099
4778
7773
124961
80108
3142
2119
333929
23368
10155
57473
4849
5692
9975
388569
3281
5885
84124
148156
115196
80818
373863
30012
3175
7545
58495
125893
116115
10716
3151
221504
338917
137209
342926
203523
54989
2307
3146
2248
2302
3726
162967
79733
6663
3215
5450
57474
7695
10308
4097
3225
282890
7745
58492
2120
7728
168850
6883
147807
1053
7760
6618
11108
3159
7541
3202
2063
3205
1025
163115
147808
167826
121599
2099
10488
2000
9412
7627
5036
57684
1747
80345
7023
10773
3065
8841
3167
129025
5307
6913
8820
7580
3344
10127
10481
9242
4656
2516
3169
3171
283150
25806
60436
9760
9880
3226
7547
3662
51157
4090
9841
50945
3131
2959
118472
387032
200186
1958
284406
4762
6617
51087
25850
59348
5987
9878
57786
8521
6671
9232
136051
26292
1761
167465
10794
10113
115950
10379
3148
5689
3104
6827
93474
7592
6615
2298
7691
146540
146434
6657
80714
150921
163049
9575
55609
328
55509
27287
125919
11278
25819
7693
57459
22980
8403
5814
6666
4808
199745
83591
5612
6749
4207
3233
81628
3236
6887
124411
27254
56906
